165
1 2
7 2
10 2
11 2
19 2
333 2
500 2
957 2
999 2
1000 2
98765 2
1 3
7 3
10 3
11 3
19 3
333 3
500 3
957 3
999 3
1000 3
98765 3
1 4
7 4
10 4
11 4
19 4
333 4
500 4
957 4
999 4
1000 4
98765 4
1 5
7 5
10 5
11 5
19 5
333 5
500 5
957 5
999 5
1000 5
98765 5
1 6
7 6
10 6
11 6
19 6
333 6
500 6
957 6
999 6
1000 6
98765 6
1 7
7 7
10 7
11 7
19 7
333 7
500 7
957 7
999 7
1000 7
98765 7
1 8
7 8
10 8
11 8
19 8
333 8
500 8
957 8
999 8
1000 8
98765 8
1 9
7 9
10 9
11 9
19 9
333 9
500 9
957 9
999 9
1000 9
98765 9
1 10
7 10
10 10
11 10
19 10
333 10
500 10
957 10
999 10
1000 10
98765 10
1 11
7 11
10 11
11 11
19 11
333 11
500 11
957 11
999 11
1000 11
98765 11
1 12
7 12
10 12
11 12
19 12
333 12
500 12
957 12
999 12
1000 12
98765 12
1 13
7 13
10 13
11 13
19 13
333 13
500 13
957 13
999 13
1000 13
98765 13
1 14
7 14
10 14
11 14
19 14
333 14
500 14
957 14
999 14
1000 14
98765 14
1 15
7 15
10 15
11 15
19 15
333 15
500 15
957 15
999 15
1000 15
98765 15
1 16
7 16
10 16
11 16
19 16
333 16
500 16
957 16
999 16
1000 16
98765 16
