255
1 2
7 2
10 2
11 2
19 2
333 2
500 2
957 2
999 2
1000 2
98765 2
111111 2
1234567 2
9999999 2
152939251 2
987656789 2
1000000000 2
1 3
7 3
10 3
11 3
19 3
333 3
500 3
957 3
999 3
1000 3
98765 3
111111 3
1234567 3
9999999 3
152939251 3
987656789 3
1000000000 3
1 4
7 4
10 4
11 4
19 4
333 4
500 4
957 4
999 4
1000 4
98765 4
111111 4
1234567 4
9999999 4
152939251 4
987656789 4
1000000000 4
1 5
7 5
10 5
11 5
19 5
333 5
500 5
957 5
999 5
1000 5
98765 5
111111 5
1234567 5
9999999 5
152939251 5
987656789 5
1000000000 5
1 6
7 6
10 6
11 6
19 6
333 6
500 6
957 6
999 6
1000 6
98765 6
111111 6
1234567 6
9999999 6
152939251 6
987656789 6
1000000000 6
1 7
7 7
10 7
11 7
19 7
333 7
500 7
957 7
999 7
1000 7
98765 7
111111 7
1234567 7
9999999 7
152939251 7
987656789 7
1000000000 7
1 8
7 8
10 8
11 8
19 8
333 8
500 8
957 8
999 8
1000 8
98765 8
111111 8
1234567 8
9999999 8
152939251 8
987656789 8
1000000000 8
1 9
7 9
10 9
11 9
19 9
333 9
500 9
957 9
999 9
1000 9
98765 9
111111 9
1234567 9
9999999 9
152939251 9
987656789 9
1000000000 9
1 10
7 10
10 10
11 10
19 10
333 10
500 10
957 10
999 10
1000 10
98765 10
111111 10
1234567 10
9999999 10
152939251 10
987656789 10
1000000000 10
1 11
7 11
10 11
11 11
19 11
333 11
500 11
957 11
999 11
1000 11
98765 11
111111 11
1234567 11
9999999 11
152939251 11
987656789 11
1000000000 11
1 12
7 12
10 12
11 12
19 12
333 12
500 12
957 12
999 12
1000 12
98765 12
111111 12
1234567 12
9999999 12
152939251 12
987656789 12
1000000000 12
1 13
7 13
10 13
11 13
19 13
333 13
500 13
957 13
999 13
1000 13
98765 13
111111 13
1234567 13
9999999 13
152939251 13
987656789 13
1000000000 13
1 14
7 14
10 14
11 14
19 14
333 14
500 14
957 14
999 14
1000 14
98765 14
111111 14
1234567 14
9999999 14
152939251 14
987656789 14
1000000000 14
1 15
7 15
10 15
11 15
19 15
333 15
500 15
957 15
999 15
1000 15
98765 15
111111 15
1234567 15
9999999 15
152939251 15
987656789 15
1000000000 15
1 16
7 16
10 16
11 16
19 16
333 16
500 16
957 16
999 16
1000 16
98765 16
111111 16
1234567 16
9999999 16
152939251 16
987656789 16
1000000000 16
