101
10000 2 10000 4 10000 6 10000 8 10000 10 10000 12 10000 14 10000 16 10000 18 10000 20 10000 22 10000 24 10000 26 10000 28 10000 30 10000 32 10000 34 10000 36 10000 38 10000 40 10000 42 10000 44 10000 46 10000 48 10000 50 10000 52 10000 54 10000 56 10000 58 10000 60 10000 62 10000 64 10000 66 10000 68 10000 70 10000 72 10000 74 10000 76 10000 78 10000 80 10000 82 10000 84 10000 86 10000 88 10000 90 10000 92 10000 94 10000 96 10000 98 10000 100 10000
150
35 61
10 57
5 89
54 89
16 40
11 12
48 83
50 62
29 38
4 42
88 95
32 44
37 51
3 100
64 65
54 60
59 69
57 68
63 63
54 88
52 92
30 72
43 55
26 46
38 47
29 58
36 61
52 81
12 65
26 83
77 90
40 42
14 39
12 41
3 76
12 22
54 67
31 56
22 51
23 87
18 93
20 76
40 84
6 81
15 51
66 93
47 61
18 67
10 100
41 93
20 40
28 60
17 46
3 85
44 99
17 79
9 98
56 66
50 85
18 58
60 78
30 95
76 91
92 99
79 85
40 96
12 51
40 90
61 74
7 32
73 90
60 99
59 79
5 55
50 61
3 47
98 99
12 60
1 32
61 63
79 89
13 50
25 97
88 89
43 86
2 99
83 98
50 98
5 89
58 94
51 83
19 64
4 77
24 31
17 52
19 24
31 98
39 87
82 90
62 81
38 85
16 99
59 62
36 40
8 57
18 20
11 70
32 59
17 32
4 38
51 95
1 77
26 30
36 62
21 51
52 97
59 90
9 40
39 52
21 30
72 77
42 68
55 99
29 85
50 85
20 100
54 78
11 83
3 52
65 73
30 45
58 64
18 27
30 52
36 90
43 56
33 92
75 80
9 78
3 43
13 85
98 101
28 68
13 39
33 66
59 62
12 15
62 98
45 72
78 97
